0 21
1 23.5
2 20.2778
3 21.7222
4 22.7222
5 24.7778
6 24
7 20.9444
8 23.2222
9 21.3333
10 19.9444
11 26.3889
12 27.3333
13 25.8889
14 22.2222
15 20.1667
16 21.6111
17 24.2778
18 25.0556
19 23.8333
20 22.1111
21 24.6111
22 20.3889
23 22.8889
0 26.5556
1 26.9444
2 25.5
3 22.4444
4 20.6111
5 23.7222
6 24.3333
7 21.2222
8 19.7222
9 27.7222
10 28.1111
11 25.7222
12 24.8889
13 22.5556
14 21.8889
15 23.1111
16 24.5
17 26.1667
18 27.6111
19 20.5
20 21.4444
21 23.6111
22 24.1111
23 25.2778
0 26.7222
1 27.9444
